version 15
timestamp 4643086408
cpu0 100575 0 7592514 3450357 4711499 2594025 381578020671 11992929013 3887207
domain0 11 1238788 1238779 8 531 2 1 0 1238779 35713 35333 371 15312 10 0 1 35332 127610 126188 1329 76528 100 2 304 125884 1 0 1 0 0 0 0 0 0 133309 69229 0
domain1 ff 827881 827137 652 24909 97 0 246 256781 8673 8620 50 840 3 0 39 474 127491 120648 6394 675482 489 2 19592 101056 0 0 0 0 0 0 0 0 0 1984122 934609 0
cpu1 101824 0 5022881 2489460 2018007 876727 220999858222 3835611243 2441603
domain0 22 381462 381455 6 1083 2 0 0 381455 31640 31232 392 15441 18 0 1 31231 169945 168789 1076 32038 82 3 257 168532 0 0 0 0 0 0 0 0 0 90343 44767 0
domain1 ff 359826 358879 717 26007 250 0 240 263133 14745 14691 54 3381 0 0 59 630 169845 71401 97750 3043662 751 1 23487 47914 0 0 0 0 0 0 0 0 0 1050937 603198 0
cpu2 101015 0 6402846 3182632 2666185 1609120 180116460311 3868745214 3128557
domain0 44 708146 708135 11 2217 1 1 0 708135 29972 29500 459 18101 14 0 0 29500 64417 63296 1038 35377 88 6 278 63018 1 0 1 0 0 0 0 0 0 74664 42476 0
domain1 ff 647324 645769 1333 43860 236 10 245 139924 14841 14712 123 9650 6 0 55 935 64309 41696 22159 984574 488 11 18890 22806 0 0 0 0 0 0 0 0 0 982401 592025 0
cpu3 101649 0 5233423 2599337 2424447 1395919 167423420450 2180024843 2542232
domain0 88 311453 311448 5 953 1 1 0 311448 39658 39230 420 10647 8 0 1 39229 41419 40207 1129 36395 95 2 264 39943 1 0 1 0 0 0 0 0 0 67180 37473 0
domain1 ff 287548 286172 1210 38396 177 9 246 115451 21738 21678 56 4405 4 0 44 769 41315 29430 11416 653575 521 7 17573 11857 0 0 0 0 0 0 0 0 0 961348 581957 0
cpu4 99326 0 1747857 860442 750650 417264 64784681430 1899885154 798712
domain0 11 163805 163793 10 3684 5 3 0 163793 16484 14773 1648 79249 66 2 3 14770 46728 32795 13675 479007 270 69 723 32072 3 0 3 0 0 0 0 0 0 67889 53550 0
domain1 ff 156507 156339 121 4365 52 0 117 4252 9762 9762 0 0 0 0 0 0 46459 38901 6942 286612 688 0 18348 20553 0 0 0 0 0 0 0 0 0 265497 183131 0
cpu5 99355 0 2013049 993016 851174 508201 68923982971 1785437656 930649
domain0 22 164839 164833 6 1140 0 0 0 164833 20200 18800 1313 27031 88 1 9 18791 41756 38158 3317 70319 305 41 531 37627 0 0 0 0 0 0 0 0 0 72273 51684 0
domain1 ff 158249 158001 191 5240 62 0 113 1695 11093 11093 0 0 0 0 0 0 41445 29141 11746 425816 619 1 17698 11443 0 0 0 0 0 0 0 0 0 270700 177629 0
cpu6 98561 0 1588530 781155 705791 352237 58092130006 1804338840 719635
domain0 44 161305 161299 6 926 1 1 0 161299 14005 12489 1445 24861 74 2 5 12484 37691 34040 3388 64788 298 57 545 33495 1 0 1 0 0 0 0 0 0 61658 45405 0
domain1 ff 154030 153809 181 5945 43 0 125 1451 8595 8595 0 0 0 0 0 0 37412 27280 9571 457295 608 1 17863 9417 0 0 0 0 0 0 0 0 0 291896 188686 0
cpu7 99327 0 1708921 840935 766756 424103 59665560519 1849668746 778888
domain0 88 161318 161311 7 2057 0 0 0 161311 15454 13961 1437 28567 59 1 8 13953 36546 32962 3334 61531 274 42 552 32410 0 0 0 0 0 0 0 0 0 56481 41342 0
domain1 ff 154432 154210 175 7498 49 0 122 1338 8679 8679 0 0 0 0 0 0 36276 26921 8728 371579 680 1 18049 8872 0 0 0 0 0 0 0 0 0 286172 181988 0
